0	1	1	0	1	1	0	0	0	0	1	1	9	1	1	0	0
0	1	1	0	1	1	1	0	0	0	1	1	9	0	1	0	0
1	1	0	1	1	0	0	0	0	1	1	0	1	0	1	1	9
0	1	1	0	1	1	0	0	0	0	1	1	9	1	1	0	0
0	1	1	0	1	1	0	0	0	0	1	1	9	0	1	0	0
0	1	1	0	1	1	1	0	0	0	1	1	9	0	1	0	0
0	1	1	0	1	1	1	0	0	0	1	1	9	0	0	0	0
1	1	0	1	1	0	1	0	0	1	1	0	1	0	0	1	9
1	1	0	1	1	0	0	0	0	1	1	0	1	0	1	1	9
0	1	1	0	1	1	1	0	0	0	1	1	9	1	0	1	0
0	1	1	0	1	1	0	0	0	0	1	1	9	0	1	0	0
1	0	0	1	0	1	1	1	0	0	1	1	1	0	0	1	1
1	1	0	1	1	0	0	0	0	1	1	0	1	0	1	1	9
1	1	0	1	1	1	0	1	1	1	1	1	1	1	1	1	0
1	1	0	1	1	0	0	1	1	1	1	1	9	1	1	1	0
1	1	0	1	1	0	0	1	1	1	1	1	4	1	1	1	0
1	0	0	1	0	1	0	1	0	0	1	1	1	0	1	1	1
0	1	1	0	1	1	1	0	0	0	1	1	9	0	1	0	0
1	1	0	1	1	0	0	0	0	1	1	0	1	0	1	0	9
1	1	1	0	1	0	0	0	0	0	1	0	1	0	1	0	0
1	0	0	1	0	1	1	1	0	0	1	1	1	0	0	1	1
1	0	0	1	0	0	1	1	0	0	1	1	1	0	1	1	1
0	1	1	0	1	1	1	0	0	0	1	1	9	0	1	0	0
1	0	0	1	0	1	1	1	0	0	1	1	1	0	1	0	1
1	1	0	1	1	1	1	1	1	0	1	1	4	1	1	1	4
1	1	0	1	1	0	0	0	0	0	1	1	9	1	1	1	9
1	1	0	1	1	0	0	0	0	0	0	1	9	1	1	1	9
0	1	1	0	0	1	1	0	0	0	1	1	1	0	1	1	0
0	1	1	0	1	1	1	0	0	0	1	1	9	0	1	0	0
0	1	1	0	1	1	0	0	0	0	1	1	1	1	0	0	0
1	1	0	1	0	1	1	1	1	0	1	1	4	1	1	1	4
0	1	1	0	1	1	1	0	0	0	1	1	9	0	0	0	0
0	1	1	0	1	1	1	0	0	0	1	1	1	1	1	0	0
1	0	0	1	0	0	0	1	0	0	1	1	1	0	1	1	1
1	1	0	1	1	0	1	0	0	1	1	0	1	0	1	1	9
0	1	1	0	1	1	1	0	0	0	1	1	9	0	0	1	0
0	1	1	0	1	1	1	0	0	0	1	1	9	0	1	1	0
1	0	0	1	0	1	0	1	0	0	1	1	1	0	1	1	1
1	1	0	1	1	0	0	0	0	1	1	0	1	0	1	1	9
0	1	0	1	0	1	1	1	1	0	0	1	4	1	0	1	4
0	1	0	1	0	1	1	1	1	0	1	1	4	1	1	1	4
1	0	0	1	1	1	0	1	0	0	1	1	1	0	1	1	1
1	1	0	1	0	1	0	1	1	0	1	1	4	1	1	1	4
1	0	0	1	0	1	1	1	0	0	1	1	1	0	1	1	1
0	1	1	0	1	1	0	0	0	0	1	1	9	0	1	0	0
0	1	1	0	1	1	0	0	0	0	1	1	9	0	1	0	0
1	1	0	1	1	0	0	1	1	1	1	1	4	1	1	1	0
0	1	1	0	1	1	0	0	0	0	1	1	9	0	1	0	0
0	1	1	0	1	0	0	0	0	0	1	1	9	0	1	0	0
0	1	1	0	1	1	0	0	0	0	1	1	9	0	1	1	0
0	1	1	0	1	1	0	0	0	0	1	1	9	0	1	0	0
0	1	0	1	0	1	1	1	1	0	1	1	4	1	1	1	4
1	1	0	1	1	0	0	0	0	0	1	1	9	0	1	1	9
1	1	0	1	1	0	0	1	1	1	1	1	8	1	1	0	0
0	1	1	0	1	1	0	0	0	0	1	1	9	0	1	1	0
0	1	1	0	1	1	1	0	0	0	1	1	9	0	1	0	0
1	0	0	1	1	1	1	1	0	0	1	1	1	0	1	0	1
1	0	0	1	0	1	1	1	0	0	1	1	1	0	0	1	1
1	0	0	1	1	0	0	1	0	0	1	1	1	0	1	0	1
1	0	0	1	0	1	1	1	0	0	1	1	1	0	1	1	1
1	1	0	1	1	0	0	0	0	1	1	0	1	0	1	0	9
1	1	0	1	1	0	0	0	0	1	1	0	1	0	1	1	9
1	1	0	1	1	1	0	0	0	0	0	1	1	0	1	1	3
0	1	0	0	1	0	0	1	0	0	1	1	9	0	1	0	0
0	1	1	0	1	1	0	0	0	0	1	1	9	0	1	0	0
0	1	1	0	1	1	1	0	0	0	1	1	9	0	0	0	0
1	1	1	0	1	0	0	0	0	0	1	0	1	0	1	0	0
0	1	1	0	1	1	0	0	0	0	1	1	9	0	1	0	0
0	1	1	0	1	1	0	0	0	0	1	1	9	0	0	0	0
0	1	1	0	1	1	0	0	0	0	1	1	9	0	1	0	0
0	1	1	0	1	1	1	0	0	0	1	1	9	0	0	0	0
1	0	0	1	1	1	0	1	0	0	1	1	1	0	1	0	1
1	1	1	1	1	1	0	1	1	0	0	1	8	0	1	1	0
1	1	0	1	1	0	1	0	0	1	1	0	1	0	1	1	9
0	1	1	0	1	0	0	0	0	0	1	0	1	1	1	0	0
0	1	1	0	1	0	0	0	0	0	1	0	1	0	1	0	0
1	1	1	1	1	0	0	0	0	1	0	1	1	0	1	1	3
1	1	0	1	1	0	0	1	1	1	0	1	1	1	1	1	0
1	0	0	1	0	0	0	1	0	0	1	1	1	0	1	1	1
1	0	0	1	0	0	0	1	0	0	1	1	1	0	1	1	1
1	1	0	1	1	1	0	0	0	0	1	1	1	0	1	1	3
1	1	0	1	1	1	1	1	1	0	1	1	1	1	1	1	0
1	1	0	1	1	0	1	0	0	1	1	0	1	0	1	1	9
1	0	0	1	0	1	1	1	0	0	1	1	1	0	1	1	1
0	1	1	0	1	1	1	0	0	0	1	1	1	0	1	1	0
1	1	0	1	1	0	0	1	1	1	1	1	9	1	1	1	0
1	1	0	1	1	0	0	0	0	1	0	0	1	0	1	0	9
1	0	0	1	0	0	1	1	0	0	1	1	1	0	1	0	1
1	1	0	1	1	1	1	1	1	0	1	1	4	1	1	1	4
1	1	0	1	1	0	1	0	0	0	1	1	9	1	1	1	9
1	1	0	1	1	1	1	1	0	0	1	1	9	0	1	0	3
1	1	0	1	1	1	0	0	0	0	1	1	9	0	1	1	3
1	1	0	1	1	0	0	0	0	1	1	0	1	0	1	0	9
0	1	1	0	0	1	1	0	0	0	1	1	1	0	1	1	0
0	1	1	0	1	1	1	0	0	0	1	1	9	0	1	1	0
1	0	0	1	0	1	0	1	0	0	1	1	1	0	1	0	1
0	1	1	0	1	1	1	0	0	0	1	1	1	0	1	0	0
0	1	0	1	0	1	1	1	1	0	0	1	4	1	1	1	4
0	1	1	0	1	1	0	0	0	0	1	1	9	0	1	0	0
1	1	0	1	1	1	1	1	1	0	1	1	1	1	1	1	0
1	0	0	1	0	1	1	1	0	0	1	1	1	0	1	1	1
